filename,duration,intDB,f0,f0SD,f0min,f0max,f0intonation,f0Start,f0End,f0Glide,f1,f2,f3,f4,formDisp,lowFreqEnergy,highFreqEnergy,alphaRatio,hnr,jitRap,shimAPQ3,logF0,logformDisp
nf01_w01_20_70db.wav,938.8,70.0,267.6,38.12,170.0,342.4,172.4,274.5,173.1,-101.3,531.0,1458.3,2967.7,3799.1,1089.375,39.4,24.6,1.6,16.9,0.00299,0.01512,2.43,3.04
nf01_w01_30_70db.wav,930.4,70.0,281.8,42.04,177.1,360.6,183.4,271.8,177.1,-94.7,554.4,1458.8,2961.0,3796.0,1080.551,38.9,27.5,1.4,15.8,0.00324,0.01676,2.45,3.03
nf01_w01_40_70db.wav,920.5,70.0,297.5,46.47,185.3,379.5,194.2,275.3,208.1,-67.2,623.0,1476.2,2913.1,3751.3,1042.767,38.2,29.3,1.3,15.7,0.00280,0.01566,2.47,3.02
nf01_w01_50_70db.wav,909.3,70.0,313.2,52.25,191.6,397.2,205.6,274.8,212.1,-62.6,687.1,1502.7,2831.3,3647.7,986.857,36.9,31.0,1.2,15.4,0.00263,0.01669,2.50,2.99
nf01_w01_60_70db.wav,897.6,70.0,329.7,59.29,184.5,416.8,232.3,275.6,184.6,-91.0,756.1,1522.0,2773.5,3571.7,938.532,35.4,32.1,1.1,15.2,0.00277,0.02042,2.52,2.97
nf01_w01_70_70db.wav,884.8,70.0,348.8,65.28,210.7,438.4,227.6,276.5,223.0,-53.5,809.3,1553.7,2730.8,3573.4,921.367,33.7,32.8,1.0,15.1,0.00252,0.01784,2.54,2.96
nf01_w01_80_70db.wav,868.5,70.0,368.3,73.02,218.3,464.3,245.9,278.0,218.3,-59.6,884.7,1592.7,2589.4,3529.9,881.710,31.4,33.3,0.9,14.6,0.00280,0.01937,2.57,2.95
nf01_w02_20_70db.wav,883.4,70.0,256.6,21.24,221.9,321.4,99.5,238.8,230.1,-8.7,399.6,1864.1,2836.5,3774.0,1124.788,39.8,19.7,2.0,17.0,0.00401,0.01096,2.41,3.05
nf01_w02_30_70db.wav,879.3,70.0,268.1,23.64,225.5,330.1,104.5,245.5,249.1,3.6,442.5,1740.6,2805.2,3616.0,1057.827,39.6,22.6,1.8,15.5,0.00413,0.01446,2.43,3.02
nf01_w02_40_70db.wav,863.8,70.0,280.1,26.91,224.5,328.5,104.0,252.9,230.1,-22.7,489.2,1773.3,2781.6,3578.8,1029.866,39.3,25.3,1.6,13.9,0.00455,0.02508,2.45,3.01
nf01_w02_50_70db.wav,849.1,70.0,293.0,31.67,223.4,339.0,115.6,259.7,228.3,-31.4,530.3,1822.4,2761.2,3511.5,993.754,38.8,27.8,1.4,12.5,0.00401,0.03744,2.47,3.00
nf01_w02_60_70db.wav,825.9,70.0,307.0,36.66,221.9,361.7,139.8,268.6,223.6,-44.9,591.1,1880.4,2758.8,3525.8,978.238,37.9,29.7,1.3,11.4,0.00408,0.05448,2.49,2.99
nf01_w02_70_70db.wav,812.7,70.0,322.1,42.50,220.7,383.8,163.1,276.3,221.5,-54.8,663.2,1936.8,2768.4,3582.5,973.088,36.8,31.1,1.2,9.6,0.00482,0.04824,2.51,2.99
nf01_w02_80_70db.wav,799.9,70.0,338.4,48.89,219.7,408.8,189.0,284.7,232.2,-52.6,720.5,1978.2,2748.6,3577.2,952.239,35.4,32.1,1.1,9.5,0.00390,0.06020,2.53,2.98
nf01_w03_20_70db.wav,749.8,70.0,242.3,21.30,192.7,275.6,82.9,235.5,194.0,-41.6,373.7,1836.9,2722.9,3776.8,1134.369,39.9,16.6,2.4,19.9,0.00340,0.01042,2.38,3.05
nf01_w03_30_70db.wav,782.6,70.0,255.1,27.01,191.2,290.8,99.5,244.0,191.3,-52.7,399.8,1788.8,2746.0,3765.4,1121.892,39.9,18.9,2.1,18.6,0.00346,0.01167,2.41,3.05
nf01_w03_40_70db.wav,815.3,70.0,268.4,33.77,191.3,309.0,117.7,254.6,192.6,-62.0,443.6,1837.3,2719.8,3740.7,1099.043,39.7,21.8,1.8,16.5,0.00427,0.01361,2.43,3.04
nf01_w03_50_70db.wav,852.9,70.0,282.8,41.20,189.7,331.8,142.1,264.6,189.7,-74.9,476.9,1846.5,2742.1,3669.9,1064.321,39.5,24.2,1.6,15.4,0.00393,0.02099,2.45,3.03
nf01_w03_60_70db.wav,881.2,70.0,298.9,48.85,190.5,359.5,169.0,276.3,191.6,-84.8,521.4,1835.0,2687.7,3599.8,1026.135,39.1,26.9,1.5,13.3,0.00359,0.02970,2.48,3.01
nf01_w03_70_70db.wav,914.5,70.0,315.7,57.32,195.2,391.4,196.3,288.6,195.2,-93.4,577.8,1903.2,2688.2,3542.4,988.205,38.4,28.8,1.3,12.3,0.00399,0.03854,2.50,2.99
nf01_w03_80_70db.wav,951.2,70.0,334.1,66.36,195.5,425.9,230.4,300.0,195.5,-104.4,663.9,1823.8,2648.4,3496.0,944.049,37.9,29.8,1.3,11.2,0.00389,0.03983,2.52,2.97
nf01_w05_20_70db.wav,720.0,70.0,266.0,19.70,216.2,304.8,88.6,249.5,224.2,-25.4,567.0,1483.1,2874.8,3631.1,1021.348,39.7,22.1,1.8,19.2,0.00298,0.01198,2.42,3.01
nf01_w05_30_70db.wav,755.8,70.0,283.4,24.45,223.2,331.8,108.6,261.4,229.5,-31.9,610.5,1467.3,2883.2,3665.4,1018.318,39.4,25.1,1.6,18.5,0.00262,0.01161,2.45,3.01
nf01_w05_40_70db.wav,786.2,70.0,302.2,29.83,229.6,354.0,124.4,272.7,236.4,-36.3,615.1,1423.2,2720.0,3592.9,992.607,38.8,27.9,1.4,17.4,0.00253,0.01548,2.48,3.00
nf01_w05_50_70db.wav,820.0,70.0,321.3,36.71,231.7,382.9,151.1,284.1,240.7,-43.3,672.2,1448.6,2639.6,3483.3,937.044,37.7,30.1,1.3,16.6,0.00233,0.01593,2.51,2.97
nf01_w05_60_70db.wav,852.6,70.0,342.6,43.96,236.5,411.3,174.8,296.5,246.7,-49.9,735.5,1454.0,2543.0,3456.6,907.011,36.3,31.5,1.2,16.3,0.00227,0.02438,2.53,2.96
nf01_w05_70_70db.wav,884.9,70.0,365.3,52.06,240.6,446.2,205.5,312.0,252.4,-59.6,797.4,1470.1,2419.9,3404.0,868.882,35.1,32.3,1.1,16.5,0.00215,0.02120,2.56,2.94
nf01_w05_80_70db.wav,918.0,70.0,392.0,58.74,252.3,483.1,230.8,332.0,261.9,-70.1,890.8,1500.0,2401.3,3394.7,834.647,33.3,32.9,1.0,16.1,0.00198,0.02005,2.59,2.92
nf03_w01_20_70db.wav,732.4,70.0,339.8,15.21,309.6,364.2,54.6,328.8,322.3,-6.6,593.7,1746.6,2534.9,3449.8,952.032,38.7,28.0,1.4,21.6,0.00193,0.00915,2.53,2.98
nf03_w01_30_70db.wav,726.9,70.0,340.4,21.23,299.2,376.3,77.1,317.2,323.0,5.8,569.1,1772.7,2548.2,3526.2,985.715,38.3,29.0,1.3,20.5,0.00186,0.01159,2.53,2.99
nf03_w01_40_70db.wav,723.2,70.0,341.3,27.60,288.7,391.0,102.3,306.7,293.2,-13.5,617.1,1770.3,2612.8,3557.4,980.116,37.8,30.0,1.3,19.8,0.00253,0.01211,2.53,2.99
nf03_w01_50_70db.wav,716.0,70.0,343.0,33.66,280.9,408.3,127.4,297.5,296.1,-1.4,636.2,1728.6,2579.1,3507.5,957.094,37.2,30.7,1.2,18.8,0.00229,0.01304,2.54,2.98
nf03_w01_60_70db.wav,707.0,70.0,344.4,40.04,269.1,426.6,157.5,288.1,298.0,9.8,617.7,1743.1,2585.3,3489.7,957.319,36.8,31.1,1.2,18.1,0.00238,0.01425,2.54,2.98
nf03_w01_70_70db.wav,701.5,70.0,346.2,46.57,262.8,447.1,184.3,278.0,262.8,-15.2,632.8,1737.5,2628.5,3563.4,976.887,36.4,31.5,1.2,16.8,0.00307,0.02218,2.54,2.99
nf03_w01_80_70db.wav,697.4,70.0,350.8,51.29,261.3,462.4,201.0,270.0,314.0,43.9,655.0,1732.3,2597.0,3542.8,962.619,35.8,31.9,1.1,16.2,0.00264,0.02012,2.55,2.98
nf03_w02_20_70db.wav,722.8,70.0,320.2,7.23,308.9,342.3,33.3,331.7,313.0,-18.7,450.7,1561.5,2658.1,3359.6,969.635,39.9,19.0,2.1,22.6,0.00226,0.00583,2.51,2.99
nf03_w02_30_70db.wav,739.2,70.0,314.2,10.19,290.1,334.8,44.8,322.1,293.9,-28.2,472.3,1613.8,2681.1,3395.9,974.553,39.8,20.7,1.9,21.8,0.00212,0.00679,2.50,2.99
nf03_w02_40_70db.wav,759.6,70.0,308.3,15.17,272.5,330.6,58.2,311.7,275.2,-36.6,454.0,1601.5,2660.3,3395.6,980.534,39.7,22.4,1.8,21.0,0.00185,0.00766,2.49,2.99
nf03_w02_50_70db.wav,779.9,70.0,302.3,20.67,253.8,324.8,71.1,301.6,257.1,-44.5,454.3,1664.5,2651.5,3417.2,987.663,39.5,24.3,1.6,19.9,0.00231,0.01208,2.48,2.99
nf03_w02_60_70db.wav,799.5,70.0,296.5,25.82,237.0,324.5,87.6,291.1,240.6,-50.5,464.6,1628.3,2622.8,3389.0,974.826,39.2,26.3,1.5,18.9,0.00215,0.01596,2.47,2.99
nf03_w02_70_70db.wav,818.8,70.0,291.0,30.70,221.0,323.7,102.7,280.9,224.7,-56.2,465.8,1713.8,2633.4,3467.5,1000.557,38.6,28.3,1.4,17.6,0.00238,0.02263,2.46,3.00
nf03_w02_80_70db.wav,842.9,70.0,285.9,34.94,206.4,323.9,117.5,270.3,209.7,-60.5,487.0,1687.2,2598.3,3409.9,974.275,37.7,30.0,1.3,16.1,0.00215,0.02434,2.46,2.99
nf03_w03_20_70db.wav,804.4,70.0,353.3,29.86,306.9,424.7,117.8,336.7,358.2,21.6,460.2,1622.8,2606.1,3325.0,954.948,39.9,18.9,2.1,23.8,0.00209,0.00505,2.55,2.98
nf03_w03_30_70db.wav,823.3,70.0,352.9,33.87,308.8,430.8,122.0,330.3,325.3,-4.9,463.6,1633.5,2576.8,3324.5,953.609,39.8,19.7,2.0,23.1,0.00205,0.00522,2.55,2.98
nf03_w03_40_70db.wav,841.8,70.0,352.5,39.30,287.1,437.6,150.5,323.5,295.9,-27.6,461.2,1653.2,2594.9,3317.1,951.977,39.8,20.7,1.9,22.3,0.00231,0.00641,2.55,2.98
nf03_w03_50_70db.wav,861.3,70.0,351.5,46.27,260.8,448.2,187.4,313.5,267.8,-45.7,475.6,1608.3,2568.4,3326.7,950.342,39.7,22.1,1.8,21.5,0.00215,0.00710,2.55,2.98
nf03_w03_60_70db.wav,874.5,70.0,350.8,53.11,235.1,459.6,224.5,306.0,245.3,-60.8,472.0,1649.7,2579.6,3390.9,972.988,39.6,23.6,1.7,20.3,0.00246,0.00864,2.55,2.99
nf03_w03_70_70db.wav,892.3,70.0,350.4,60.43,214.8,469.2,254.4,302.1,225.4,-76.7,505.5,1657.5,2554.4,3465.3,986.604,39.4,24.8,1.6,19.7,0.00237,0.00941,2.54,2.99
nf03_w03_80_70db.wav,919.5,70.0,351.5,65.94,205.6,481.5,276.0,298.2,208.7,-89.5,539.1,1700.3,2559.3,3463.1,974.649,39.2,26.0,1.5,18.6,0.00252,0.01006,2.55,2.99
nf03_w05_20_70db.wav,731.9,70.0,340.1,16.71,299.4,370.8,71.4,318.1,337.1,19.1,518.6,1446.9,2442.5,3319.1,933.500,39.3,25.8,1.5,25.0,0.00141,0.00731,2.53,2.97
nf03_w05_30_70db.wav,746.1,70.0,338.3,18.21,296.1,368.9,72.8,312.2,299.5,-12.7,524.4,1429.3,2369.5,3198.9,891.483,39.1,26.8,1.5,24.6,0.00127,0.00686,2.53,2.95
nf03_w05_40_70db.wav,782.9,70.0,335.6,22.05,277.1,369.3,92.2,299.9,292.9,-7.0,525.3,1494.1,2362.7,3161.8,878.840,38.5,28.7,1.3,23.6,0.00127,0.00817,2.53,2.94
nf03_w05_50_70db.wav,809.5,70.0,333.3,26.16,257.4,372.0,114.6,291.3,271.9,-19.4,517.8,1449.7,2386.3,3185.8,889.327,37.2,30.7,1.2,22.9,0.00156,0.00878,2.52,2.95
nf03_w05_60_70db.wav,826.3,70.0,331.9,29.79,240.1,377.0,136.8,289.9,258.1,-31.8,541.1,1449.1,2416.4,3229.0,895.977,35.6,32.0,1.1,22.1,0.00137,0.01018,2.52,2.95
nf03_w05_70_70db.wav,852.2,70.0,329.2,34.17,228.2,382.2,154.0,275.3,241.9,-33.4,570.5,1454.6,2399.7,3254.7,894.729,34.0,32.7,1.0,21.1,0.00149,0.01104,2.52,2.95
nf03_w05_80_70db.wav,879.3,70.0,326.2,39.10,212.6,387.6,175.0,265.4,223.8,-41.6,606.8,1467.4,2406.9,3289.8,894.332,32.5,33.1,1.0,19.6,0.00198,0.01363,2.51,2.95
